1823
2821
3017
2829
2829
2927
2929
1818
2752
2710
1083
4720
0185
0731
9273
8373
2911
9181
1101
9810
2833
3833
2827
7447
4747
3810
1916
5830
6582
7472
8373
6787
7483
1081
1763
3624
3729
7292
8454
7383
7370
0017
8190
6747
5854
6666
1565
1555
3899
1087
6390
1223
1234
1245
1256
1739
4745
4739
1028
4757
5656
4747
3838
2929
1010
1029
1018
1017
1616
1515
1414
1313
1212
4728
5650
2984
0082
1881
1538
5873
2846
4791
4986
8569
6236
7172
8448
7558
6979
2057
0164
9257
2864
2946
5885
4759
8566
8685
9578
8485
8384
8584
7354
1024
9137
5367
2987
3872
1651
1564
4932
2771
1999
1877
2222
3763
4920
3855
6363
2965
8291
2826
3838
3837
1442
7162
2229
8282
8272
2775
3837
3783
3822
1819
2762
8376
3773
8172
8161
1485
9164
5173
1762
1111
2971
1223
3334
2224
5555
6666
7777
8888
9999
4444
3311
2977
2811
1836
1012
1073
4782
2983
2863
9173
1872
1541
1411
1110
1972
4865
6401
1632
3711
1804
4981
1823
3869
1947
4644
4644
3884
4844
4857
4858
2521
2892
8171
1614
2893
8484
4883
1864
2751
1631
2864
2781
1083
1086
2811
1711